data/cut_dem.asc
ncols        444
nrows        341
xllcorner    76055.000000000000
yllcorner    239125.000000000000
cellsize     10.000000000000
NODATA_value  -9999
[rows 140 to 159 of 341, columns 264 to 307 of 444]
1810.177978515625 1815.4429931640625 1821.3809814453125 1825.0970458984375 1829.7840576171875 1834.9090576171875 1840.7939453125 1846.47705078125 1852.0889892578125 1857.863037109375 1863.6109619140625 1869.531982421875 1875.113037109375 1883.592041015625 1887.4639892578125 1890.239990234375 1891.593994140625 1891.875 1889.9830322265625 1886.6259765625 1883.0469970703125 1877.051025390625 1872.68994140625 1870.385986328125 1866.7030029296875 1864.6739501953125 1863.8709716796875 1863.156982421875 1861.0989990234375 1861.58203125 1862.0450439453125 1861.7060546875 1860.489013671875 1858.802001953125 1856.136962890625 1853.925048828125 1849.3380126953125 1842.490966796875 1839.06201171875 1833.708984375 1823.041015625 1810.16796875 1802.240966796875 1796.8060302734375
1805.8170166015625 1812.3570556640625 1816.10205078125 1820.333984375 1825.6219482421875 1830.3360595703125 1836.9610595703125 1842.614990234375 1847.821044921875 1853.8470458984375 1859.9339599609375 1865.3170166015625 1871.633056640625 1878.3199462890625 1882.2120361328125 1884.4530029296875 1885.363037109375 1884.9100341796875 1884.198974609375 1882.0460205078125 1877.7130126953125 1872.416015625 1867.18896484375 1865.8590087890625 1862.468994140625 1858.739990234375 1857.9539794921875 1856.72705078125 1854.8580322265625 1855.22998046875 1856.01904296875 1856.7139892578125 1855.654052734375 1853.8790283203125 1852.7239990234375 1850.2779541015625 1845.9000244140625 1839.5679931640625 1832.56396484375 1825.8330078125 1819.1920166015625 1808.60205078125 1800.5899658203125 1792.47705078125
1800.5999755859375 1806.0159912109375 1811.571044921875 1817.1429443359375 1823.279052734375 1828.5279541015625 1833.68603515625 1839.2769775390625 1845.824951171875 1852.010009765625 1858.1590576171875 1864.6839599609375 1869.0419921875 1874.154052734375 1876.7249755859375 1878.1729736328125 1878.4150390625 1878.697998046875 1877.8079833984375 1875.3780517578125 1872.7840576171875 1867.740966796875 1863.7669677734375 1860.0999755859375 1856.7659912109375 1852.697998046875 1851.7259521484375 1850.7249755859375 1848.822998046875 1849.2039794921875 1850.467041015625 1850.5880126953125 1849.81494140625 1849.5789794921875 1848.4119873046875 1846.2490234375 1841.9200439453125 1837.5679931640625 1828.385009765625 1820.7449951171875 1813.6519775390625 1806.4169921875 1797.677001953125 1790.0560302734375
1795.31494140625 1801.7969970703125 1806.3680419921875 1812.925048828125 1818.487060546875 1826.52197265625 1832.0550537109375 1836.7459716796875 1842.905029296875 1849.0810546875 1854.7469482421875 1860.1300048828125 1864.135986328125 1868.4420166015625 1870.4580078125 1871.4139404296875 1871.4010009765625 1872.197021484375 1869.9560546875 1869.4830322265625 1866.4320068359375 1862.302001953125 1857.8330078125 1854.802001953125 1851.0179443359375 1847.970947265625 1846.08203125 1844.6240234375 1842.5760498046875 1843.1500244140625 1842.4320068359375 1844.2099609375 1842.7550048828125 1843.6099853515625 1843.81494140625 1842.39599609375 1837.5780029296875 1831.9630126953125 1824.136962890625 1818.7509765625 1810.4000244140625 1803.1190185546875 1795.051025390625 1787.4560546875
1793.781982421875 1798.1669921875 1803.907958984375 1810.14599609375 1816.137939453125 1822.4539794921875 1827.135009765625 1832.8740234375 1839.633056640625 1845.760009765625 1851.4749755859375 1855.873046875 1860.948974609375 1863.02294921875 1864.3060302734375 1865.0849609375 1866.9639892578125 1866.366943359375 1865.208984375 1863.4599609375 1860.0909423828125 1856.779052734375 1852.613037109375 1848.81005859375 1846.303955078125 1842.279052734375 1840.448974609375 1839 1835.8289794921875 1836.3349609375 1837.3330078125 1836.31494140625 1837.51904296875 1838.5140380859375 1838.27197265625 1837.740966796875 1835.301025390625 1829.5980224609375 1822.5970458984375 1815.8509521484375 1808.5699462890625 1801.5040283203125 1794.8809814453125 1787.89599609375
1789.427001953125 1795.552978515625 1800.844970703125 1807.7540283203125 1812.718994140625 1818.85205078125 1825.9090576171875 1831.1839599609375 1836.29296875 1842.281982421875 1847.083984375 1850.8590087890625 1853.7650146484375 1857.4549560546875 1858.449951171875 1858.4990234375 1858.988037109375 1859.85595703125 1857.9930419921875 1857.3599853515625 1854.18896484375 1850.6689453125 1847.1719970703125 1843.3189697265625 1840.803955078125 1836.9420166015625 1834.177978515625 1833.1610107421875 1831.14794921875 1829.9730224609375 1830.8280029296875 1830.779052734375 1831.8260498046875 1832.89599609375 1833.822998046875 1833.529052734375 1832.7559814453125 1828.031982421875 1821.5340576171875 1815.114013671875 1807.9659423828125 1801.8719482421875 1795.279052734375 1788.3170166015625
1785.7669677734375 1790.8260498046875 1796.738037109375 1803.8260498046875 1810.3480224609375 1814.376953125 1820.1929931640625 1827.2430419921875 1832.052001953125 1836.5009765625 1841.56396484375 1845.1199951171875 1847.1199951171875 1850.6689453125 1852.0849609375 1851.8270263671875 1851.925048828125 1851.781982421875 1851.72900390625 1850.697998046875 1849.0279541015625 1844.7249755859375 1840.0670166015625 1838.113037109375 1833.5550537109375 1831.8070068359375 1829.47802734375 1828.1689453125 1825.2010498046875 1823.5269775390625 1824.6009521484375 1825.8470458984375 1826.7239990234375 1827.989990234375 1829.2879638671875 1829.468017578125 1829.97705078125 1828.81201171875 1821.9739990234375 1815.85400390625 1809.094970703125 1801.363037109375 1795.5660400390625 1788.251953125
1782.175048828125 1788.654052734375 1792.6400146484375 1798.8060302734375 1804.781982421875 1811.6300048828125 1817.6810302734375 1822.6689453125 1827.91796875 1832.302978515625 1835.9339599609375 1838.863037109375 1840.6829833984375 1843.72705078125 1844.7779541015625 1844.89794921875 1845.66796875 1843.81494140625 1844.5069580078125 1844.677001953125 1844.0340576171875 1837.958984375 1835.906982421875 1832.8570556640625 1829.2559814453125 1826.9329833984375 1824.5679931640625 1822.9759521484375 1820.2850341796875 1817.0450439453125 1819.0350341796875 1821.2010498046875 1820.0369873046875 1822.137939453125 1824.365966796875 1825.7359619140625 1827.1319580078125 1827.6080322265625 1822.573974609375 1815.8800048828125 1808.8179931640625 1803.291015625 1795.85302734375 1788.77099609375
1777.343017578125 1783.3199462890625 1789.531005859375 1794.9949951171875 1800.9229736328125 1807.7349853515625 1812.1190185546875 1817.2740478515625 1821.3900146484375 1825.7879638671875 1830.6939697265625 1834.0279541015625 1834.572998046875 1835.239013671875 1835.2750244140625 1836.302001953125 1837.2650146484375 1836.614990234375 1837.8580322265625 1838.448974609375 1837.052001953125 1834.4949951171875 1829.6829833984375 1827.3570556640625 1823.6090087890625 1820.385009765625 1819.3809814453125 1818.89501953125 1815.18896484375 1812.552978515625 1812.60498046875 1814.02099609375 1815.2080078125 1817.9189453125 1820.385986328125 1822.6199951171875 1824.1729736328125 1825.7550048828125 1823.4620361328125 1817.06103515625 1810.31201171875 1803.949951171875 1797.27197265625 1789.8570556640625
1773.2659912109375 1779.4510498046875 1785.0460205078125 1791.0350341796875 1797.9150390625 1803.2779541015625 1807.322998046875 1812.47802734375 1817.1429443359375 1821.4720458984375 1824.68896484375 1825.72900390625 1827.5400390625 1828.60302734375 1829.3499755859375 1830.0550537109375 1830.029052734375 1831.0889892578125 1830.7340087890625 1831.822998046875 1829.885009765625 1825.1719970703125 1823.0479736328125 1818.251953125 1816.366943359375 1815.0030517578125 1813.3070068359375 1813.551025390625 1810.85302734375 1807.1209716796875 1805.969970703125 1808.5400390625 1810.4189453125 1813.449951171875 1815.300048828125 1817.72705078125 1820.4969482421875 1822.885009765625 1822.614013671875 1816.2159423828125 1810.0860595703125 1803.5260009765625 1797.35400390625 1791.051025390625
1772.4139404296875 1778.0379638671875 1783.0159912109375 1788.81396484375 1794.531982421875 1799.572021484375 1805.303955078125 1808.60205078125 1811.6529541015625 1815.2640380859375 1816.9239501953125 1818.4840087890625 1819.7530517578125 1822.4439697265625 1822.08203125 1821.3609619140625 1821.1259765625 1821.093994140625 1821.81396484375 1821.64794921875 1816.7969970703125 1816.3900146484375 1814.5489501953125 1810.5400390625 1807.64599609375 1804.8599853515625 1804.2469482421875 1802.884033203125 1801.760986328125 1798.0260009765625 1800.75 1803.135009765625 1804.81494140625 1808.5179443359375 1811.345947265625 1813.5810546875 1817.5770263671875 1820.5419921875 1822.3890380859375 1816.5689697265625 1810.22705078125 1805.4610595703125 1799.2490234375 1791.8499755859375
1768.0660400390625 1772.6300048828125 1779.41796875 1783.467041015625 1788.0699462890625 1792.7249755859375 1798.3289794921875 1802.4990234375 1805.156982421875 1808.9510498046875 1809.3299560546875 1810.823974609375 1812.77099609375 1813.1400146484375 1815.6099853515625 1814.8199462890625 1815.29296875 1814.9219970703125 1814.06298828125 1812.2330322265625 1809.6429443359375 1808.051025390625 1805.14404296875 1802.739990234375 1800.81201171875 1798.8160400390625 1796.5999755859375 1794.9329833984375 1793.4820556640625 1794.1109619140625 1795.4029541015625 1798.68505859375 1800.8909912109375 1803.969970703125 1806.873046875 1810.5789794921875 1814.4219970703125 1818.1409912109375 1822.156982421875 1818.4610595703125 1812.93798828125 1806.7919921875 1800.866943359375 1793.781982421875
1761.1070556640625 1766.7120361328125 1772.7860107421875 1777.708984375 1783.14697265625 1788.6009521484375 1793.001953125 1795.7550048828125 1799.3599853515625 1801.947021484375 1803.7120361328125 1805.050048828125 1806.426025390625 1807.1080322265625 1807.4930419921875 1807.5679931640625 1808.947998046875 1808.2080078125 1807.4930419921875 1804.9749755859375 1802.6939697265625 1800.85400390625 1799.053955078125 1797.0150146484375 1794.2850341796875 1793.93798828125 1790.1090087890625 1790.1409912109375 1787.2769775390625 1788.5560302734375 1790.154052734375 1794.45703125 1796.64599609375 1799.2919921875 1803.3759765625 1807.7509765625 1811.740966796875 1816.10595703125 1821.302001953125 1820.9859619140625 1814.7679443359375 1808.81103515625 1802.282958984375 1795.927978515625
1758.1290283203125 1762.8919677734375 1768.616943359375 1774.5379638671875 1779.968994140625 1785.126953125 1788.2559814453125 1791.5670166015625 1795.0279541015625 1796.6099853515625 1798.0849609375 1798.6070556640625 1799.8990478515625 1800.593994140625 1800.8900146484375 1800.074951171875 1799.5140380859375 1800.2149658203125 1799.5589599609375 1797.718994140625 1795.7779541015625 1793.6939697265625 1793.0439453125 1791.2139892578125 1788.7550048828125 1786.8299560546875 1784.8919677734375 1782.9510498046875 1782.2760009765625 1782.2989501953125 1785.72705078125 1790.2459716796875 1792.52294921875 1797.1710205078125 1800.9620361328125 1804.8409423828125 1809.2060546875 1813.3819580078125 1817.77294921875 1821.823974609375 1816.3599853515625 1810.219970703125 1804.06396484375 1798.18896484375
1755.0360107421875 1760.634033203125 1765.677001953125 1770.9010009765625 1776.0870361328125 1780.2860107421875 1783.300048828125 1786.373046875 1788.9539794921875 1790.740966796875 1792.154052734375 1793.9840087890625 1793.990966796875 1793.9940185546875 1793.883056640625 1793.5269775390625 1793.916015625 1793.56298828125 1793.001953125 1792.9169921875 1789.322021484375 1787.7860107421875 1785.9620361328125 1784.115966796875 1783.1829833984375 1780.4649658203125 1779.2220458984375 1776.5799560546875 1775.8790283203125 1777.0340576171875 1781.0069580078125 1784.6610107421875 1790.470947265625 1795.1319580078125 1799.4940185546875 1803.4119873046875 1807.5059814453125 1810.9510498046875 1813.7760009765625 1815.3680419921875 1814.4320068359375 1810.9019775390625 1805.9010009765625 1800.4530029296875
1749.9169921875 1756.2659912109375 1761.4169921875 1768.927001953125 1771.27197265625 1775.9930419921875 1778.4200439453125 1780.759033203125 1782.2989501953125 1784.4000244140625 1785.06201171875 1787.1400146484375 1787.0579833984375 1787.5999755859375 1786.654052734375 1787.0260009765625 1787.2540283203125 1787.762939453125 1787.02197265625 1786.366943359375 1782.8790283203125 1781.032958984375 1778.260009765625 1777.114990234375 1776.5250244140625 1774.3389892578125 1773.0050048828125 1770.8580322265625 1771.2430419921875 1772.238037109375 1776.866943359375 1781.9659423828125 1786.803955078125 1791.7659912109375 1796.623046875 1800.4630126953125 1804.8699951171875 1807.510009765625 1810.322021484375 1811.89697265625 1812.0340576171875 1811.06201171875 1808.35400390625 1803.875
1746.4110107421875 1752.18505859375 1757.7080078125 1763.39697265625 1766.9830322265625 1770.842041015625 1772.7659912109375 1774.60595703125 1776.77197265625 1777.7869873046875 1779.18701171875 1780.22998046875 1780.344970703125 1780.9119873046875 1780.7359619140625 1780.0279541015625 1779.072021484375 1779.6199951171875 1779.593994140625 1778.073974609375 1776.35205078125 1774.717041015625 1772.5439453125 1771.9739990234375 1769.8299560546875 1768.613037109375 1767.4029541015625 1766.2349853515625 1766.3330078125 1769.656982421875 1774.406982421875 1780.595947265625 1784.77099609375 1789.43701171875 1793.8990478515625 1797.925048828125 1801.10595703125 1804.1199951171875 1806.2569580078125 1807.748046875 1808.4560546875 1807.7869873046875 1806.18798828125 1803.8909912109375
1743.0340576171875 1748.491943359375 1754.1810302734375 1758.68994140625 1762.291015625 1764.4119873046875 1766.6429443359375 1768.14404296875 1770.10400390625 1771.5849609375 1772.4759521484375 1773.7060546875 1773.708984375 1773.343994140625 1771.8599853515625 1772 1771.416015625 1772.6519775390625 1773.39599609375 1772.2869873046875 1771.4420166015625 1768.5550537109375 1767.0250244140625 1765.237060546875 1764.050048828125 1762.9139404296875 1761.404052734375 1759.717041015625 1761.6810302734375 1767.4000244140625 1772.280029296875 1776.458984375 1780.7130126953125 1785.3489990234375 1789.8900146484375 1794.3590087890625 1798.571044921875 1800.77294921875 1802.864013671875 1804.083984375 1804.7989501953125 1805.0789794921875 1803.9339599609375 1801.862060546875
1740.85498046875 1746.029052734375 1750.113037109375 1753.77001953125 1756.27197265625 1758.5989990234375 1760.39599609375 1761.6219482421875 1763.156005859375 1764.8590087890625 1766.1800537109375 1766.8719482421875 1767.4549560546875 1767.1650390625 1765.76904296875 1765.72998046875 1765.1719970703125 1764.89794921875 1765.7490234375 1765.550048828125 1764.9990234375 1763.2469482421875 1760.239013671875 1759.3809814453125 1757.9100341796875 1756.708984375 1754.97705078125 1753.9820556640625 1759.218017578125 1763.1259765625 1766.2259521484375 1770.4599609375 1776.5279541015625 1780.7430419921875 1785.8509521484375 1790.77099609375 1794.83203125 1797.1219482421875 1798.83203125 1800.302978515625 1800.93603515625 1800.9949951171875 1800.0550537109375 1797.8170166015625
1737.6419677734375 1741.416015625 1745.06298828125 1747.2779541015625 1749.8719482421875 1752.614990234375 1754.0179443359375 1754.927978515625 1757.1080322265625 1758.6600341796875 1760.2130126953125 1759.762939453125 1761.282958984375 1760.5660400390625 1759.300048828125 1757.8280029296875 1758.5589599609375 1759.1070556640625 1760.112060546875 1760.552001953125 1759.1009521484375 1756.8719482421875 1753.0980224609375 1751.6820068359375 1750.1199951171875 1748.5830078125 1747.3299560546875 1748.324951171875 1751.345947265625 1756.614990234375 1760.6409912109375 1765.4429931640625 1769.8759765625 1775.031005859375 1779.864990234375 1784.6700439453125 1789.5439453125 1792.4539794921875 1794.3270263671875 1795.5660400390625 1796.2679443359375 1796.3360595703125 1795.0179443359375 1792.3990478515625
