data/cut_dem.asc
ncols        444
nrows        341
xllcorner    76055.000000000000
yllcorner    239125.000000000000
cellsize     10.000000000000
NODATA_value  -9999
[rows 100 to 119 of 341, columns 44 to 87 of 444]
1908.9959716796875 1908.56494140625 1907.7989501953125 1907.862060546875 1908.3179931640625 1909.3189697265625 1910.6939697265625 1911.9229736328125 1913.512939453125 1914.823974609375 1916.4210205078125 1918.321044921875 1920.5009765625 1923.4720458984375 1928.6920166015625 1934.532958984375 1940.0379638671875 1945.2969970703125 1950.35205078125 1955.844970703125 1961.887939453125 1968.0140380859375 1973.9000244140625 1979.51904296875 1985.2650146484375 1990.739013671875 1997.0419921875 2004.865966796875 2014.4580078125 2021.7239990234375 2029.1929931640625 2036.1240234375 2043.7449951171875 2053.85693359375 2063.251953125 2072.39404296875 2085.2041015625 2097.5830078125 2107.56103515625 2125.18603515625 2151.52001953125 2163.3349609375 2178.090087890625 2191.85595703125
1911.447998046875 1910.9029541015625 1910.0980224609375 1910.876953125 1911.60595703125 1912.6070556640625 1914.0579833984375 1915.654052734375 1917.2130126953125 1918.9859619140625 1920.488037109375 1922.2049560546875 1924.3909912109375 1926.760009765625 1931.7449951171875 1943.9849853515625 1947.06396484375 1948.3690185546875 1953.5889892578125 1959.803955078125 1964.7769775390625 1969.958984375 1975.0589599609375 1980.5899658203125 1986.0570068359375 1991.85400390625 1999.5379638671875 2007.4129638671875 2014.7550048828125 2020.79296875 2028.2679443359375 2035.5350341796875 2042.66796875 2050.652099609375 2060.18603515625 2071.133056640625 2079.635009765625 2091.488037109375 2105.532958984375 2117.216064453125 2152.304931640625 2165.39404296875 2176.866943359375 2188.35888671875
1912.7340087890625 1912.219970703125 1912.6319580078125 1913.7030029296875 1914.906982421875 1916.0789794921875 1917.2569580078125 1919.196044921875 1921.0770263671875 1922.93994140625 1924.8780517578125 1926.594970703125 1928.572021484375 1931.175048828125 1938.4229736328125 1948.324951171875 1953.0889892578125 1953.0439453125 1957.3270263671875 1963.39599609375 1968.7559814453125 1973.9439697265625 1978.0369873046875 1983.0419921875 1988.29296875 1994.083984375 1999.9820556640625 2008.427001953125 2016.6689453125 2023.4029541015625 2030.6309814453125 2036.4530029296875 2042.6619873046875 2049.416015625 2057.39208984375 2065.6220703125 2073.844970703125 2082.2509765625 2097.430908203125 2114.048095703125 2154.1689453125 2172.837890625 2182.492919921875 2189.050048828125
1913.4239501953125 1913.72802734375 1914.9830322265625 1916.52197265625 1917.9599609375 1919.385986328125 1920.779052734375 1922.623046875 1924.637939453125 1927.0830078125 1929.0589599609375 1931.0360107421875 1933.0059814453125 1935.3310546875 1939.031005859375 1946.697021484375 1955.0150146484375 1957.282958984375 1960.552001953125 1966.177001953125 1971.18798828125 1976.572998046875 1981.5469970703125 1986.27294921875 1991.5880126953125 1996.636962890625 2002.52197265625 2008.3759765625 2016.4150390625 2023.8780517578125 2031.3599853515625 2038.050048828125 2044.31494140625 2050.7080078125 2057.132080078125 2064.10107421875 2071.76708984375 2079.6669921875 2092.285888671875 2112.9580078125 2145.818115234375 2167.116943359375 2178.805908203125 2195.550048828125
1915.552978515625 1915.5780029296875 1917.2760009765625 1919.2969970703125 1921.1090087890625 1922.737060546875 1924.416015625 1926.0570068359375 1928.343994140625 1930.68798828125 1933.322998046875 1935.552978515625 1937.7449951171875 1939.9620361328125 1942.8189697265625 1948.2550048828125 1955.470947265625 1961.5400390625 1966.3929443359375 1971.8470458984375 1975.0780029296875 1979.177001953125 1984.593994140625 1989.60498046875 1994.824951171875 2000.1910400390625 2005.64599609375 2011.2139892578125 2017.2960205078125 2025.4300537109375 2033.9510498046875 2039.551025390625 2045.3160400390625 2051.1201171875 2057.594970703125 2064.4619140625 2071.56396484375 2078.944091796875 2086.81298828125 2106.906982421875 2139.198974609375 2167.155029296875 2182.904052734375 2194.35888671875
1917.5040283203125 1917.8909912109375 1919.8609619140625 1922.083984375 1924.1619873046875 1926.0059814453125 1927.9639892578125 1929.844970703125 1932.04296875 1934.6920166015625 1937.573974609375 1940.051025390625 1942.343994140625 1944.7769775390625 1947.2540283203125 1950.7449951171875 1956.198974609375 1962.9530029296875 1970.175048828125 1977.14404296875 1979.4429931640625 1982.718994140625 1987.0579833984375 1992.512939453125 1997.6689453125 2003.1429443359375 2008.907958984375 2014.2989501953125 2020.0830078125 2026.012939453125 2033.1590576171875 2039.6400146484375 2045.7340087890625 2051.493896484375 2057.6201171875 2064.2529296875 2070.822998046875 2077.589111328125 2084.85498046875 2098.6279296875 2136.8349609375 2160.4970703125 2175.10595703125 2187.47900390625
1921.6409912109375 1920.8680419921875 1922.5849609375 1925.0050048828125 1927.177978515625 1929.2939453125 1931.5240478515625 1933.6590576171875 1936.155029296875 1938.656982421875 1941.4189453125 1944.4100341796875 1946.9310302734375 1949.5159912109375 1952.1259765625 1955.001953125 1958.904052734375 1966.1390380859375 1970.9539794921875 1977.967041015625 1982.116943359375 1985.468017578125 1990.136962890625 1994.7110595703125 1999.906005859375 2005.51904296875 2011.125 2016.738037109375 2022.3509521484375 2028.0400390625 2034.1090087890625 2040.14697265625 2046.134033203125 2052.343017578125 2058.507080078125 2064.60107421875 2070.506103515625 2076.846923828125 2084.3349609375 2093.679931640625 2145.406982421875 2168.833984375 2174.447021484375 2191.076904296875
1925.613037109375 1923.5159912109375 1924.9539794921875 1927.595947265625 1930.218994140625 1932.708984375 1935.2359619140625 1937.4599609375 1939.85498046875 1942.990966796875 1945.4169921875 1948.489013671875 1951.4859619140625 1954.280029296875 1957.199951171875 1960.1529541015625 1963.1810302734375 1971.467041015625 1977.447998046875 1981.1280517578125 1984.2769775390625 1987.926025390625 1992.074951171875 1996.718994140625 2001.7939453125 2007.362060546875 2012.7540283203125 2018.487060546875 2024.2010498046875 2030.073974609375 2035.864013671875 2041.4520263671875 2047.35595703125 2053.236083984375 2059.406982421875 2064.993896484375 2071.6708984375 2078.843017578125 2085.48193359375 2092.919921875 2140.18701171875 2158.05810546875 2166.31298828125 2186.306884765625
1930.3330078125 1926.626953125 1927.8809814453125 1930.3389892578125 1932.8480224609375 1935.8060302734375 1938.7900390625 1941.3370361328125 1943.699951171875 1946.68994140625 1949.5789794921875 1952.708984375 1955.9139404296875 1958.9739990234375 1962.02099609375 1964.9859619140625 1968.324951171875 1971.865966796875 1978.739990234375 1983.0030517578125 1986.196044921875 1989.7950439453125 1993.8370361328125 1998.5439453125 2003.1180419921875 2008.178955078125 2013.6529541015625 2019.260009765625 2025.0250244140625 2030.467041015625 2036.1180419921875 2041.64794921875 2047.1280517578125 2052.673095703125 2058.5009765625 2065.19091796875 2073.236083984375 2082.09912109375 2089.802001953125 2105.468994140625 2146.839111328125 2174.68798828125 2184.9189453125 2191.583984375
1935.4520263671875 1931.7960205078125 1931.447998046875 1933.8299560546875 1936.26904296875 1939.2080078125 1942.33203125 1945.2139892578125 1947.7740478515625 1950.8330078125 1954.7099609375 1956.75 1960.248046875 1963.5860595703125 1966.886962890625 1969.85205078125 1973.260009765625 1976.4150390625 1979.949951171875 1984.0040283203125 1987.9959716796875 1991.9300537109375 1995.8509521484375 1999.9439697265625 2004.3590087890625 2008.927001953125 2014.083984375 2019.22802734375 2024.4229736328125 2029.376953125 2034.406982421875 2039.6650390625 2045.35400390625 2051.031982421875 2057.4619140625 2064.6650390625 2072.717041015625 2082.428955078125 2099.596923828125 2112.48291015625 2140.029052734375 2164.343017578125 2182.574951171875 2188.97998046875
1940.9119873046875 1937.4659423828125 1935.5660400390625 1937.64404296875 1940.2540283203125 1943.0279541015625 1945.9429931640625 1949.052978515625 1951.865966796875 1954.7039794921875 1958.6829833984375 1961.572021484375 1964.467041015625 1967.989013671875 1971.35302734375 1974.6669921875 1978.04296875 1981.2740478515625 1984.3470458984375 1987.583984375 1991.1319580078125 1994.6090087890625 1998.011962890625 2001.60400390625 2005.4429931640625 2009.85205078125 2014.3690185546875 2018.91796875 2023.5989990234375 2028.76904296875 2034.0780029296875 2039.3360595703125 2044.447998046875 2050.214111328125 2056.7080078125 2064.075927734375 2072.323974609375 2084.31005859375 2103.968994140625 2128.218994140625 2138.89404296875 2154.548095703125 2177.468994140625 2193.490966796875
1946.1390380859375 1941.1219482421875 1939.7530517578125 1941.79296875 1944.428955078125 1947.2099609375 1950.0040283203125 1952.8480224609375 1955.8189697265625 1958.9239501953125 1962.2430419921875 1965.6199951171875 1968.7869873046875 1972.657958984375 1975.89501953125 1979.3349609375 1982.616943359375 1986.1519775390625 1989.33203125 1992.4300537109375 1995.4649658203125 1998.39794921875 2001.22998046875 2003.758056640625 2006.906005859375 2010.885009765625 2015.52197265625 2020.0830078125 2025.196044921875 2030.81494140625 2036.3270263671875 2041.68701171875 2047.1280517578125 2052.280029296875 2057.943115234375 2064.291015625 2072.25390625 2091.551025390625 2113.300048828125 2133.990966796875 2153.22412109375 2156.7080078125 2174.14306640625 2199.718017578125
1951.2960205078125 1945.6390380859375 1945.4229736328125 1946.2850341796875 1948.7750244140625 1951.68896484375 1954.406005859375 1957.06103515625 1959.905029296875 1963.1929931640625 1966.2979736328125 1969.7249755859375 1973.1209716796875 1976.553955078125 1980.323974609375 1983.6689453125 1987.375 1990.9539794921875 1994.5150146484375 1997.7139892578125 2000.532958984375 2003.262939453125 2005.866943359375 2008.115966796875 2010.3270263671875 2013.748046875 2018.031005859375 2022.9339599609375 2027.9200439453125 2033.6090087890625 2039.3929443359375 2045 2050.587890625 2056.404052734375 2062.14990234375 2067.9150390625 2076.778076171875 2100.408935546875 2122.833984375 2140.9970703125 2156.37890625 2177.449951171875 2174.70703125 2191.22900390625
1956.116943359375 1950.821044921875 1949.6929931640625 1950.967041015625 1953.3929443359375 1956.2559814453125 1959.1519775390625 1961.7430419921875 1964.447998046875 1967.343017578125 1970.5360107421875 1974.0770263671875 1977.7259521484375 1980.9449462890625 1984.6700439453125 1988.5589599609375 1992.0379638671875 1995.737060546875 1999.468994140625 2002.9090576171875 2005.85400390625 2008.8260498046875 2011.2330322265625 2013.4439697265625 2015.3570556640625 2017.613037109375 2021.3759765625 2026.2979736328125 2031.3919677734375 2036.70703125 2042.237060546875 2048.116943359375 2053.843994140625 2060.3310546875 2066.868896484375 2073.8759765625 2087.0849609375 2110.5439453125 2125.99609375 2142.385009765625 2158.887939453125 2183.347900390625 2192.660888671875 2195.9609375
1960.875 1956.2249755859375 1954.552001953125 1955.844970703125 1958.3599853515625 1961.1409912109375 1964.1689453125 1966.8740234375 1969.376953125 1971.9990234375 1975.2490234375 1978.81005859375 1982.2049560546875 1985.657958984375 1989.25 1993.051025390625 1996.52294921875 2000.4119873046875 2004.447998046875 2008.1219482421875 2011.487060546875 2014.406982421875 2017.18798828125 2019.35498046875 2021.29296875 2023.072998046875 2024.9229736328125 2029.97900390625 2035.541015625 2040.4510498046875 2045.9429931640625 2051.069091796875 2056.860107421875 2063.132080078125 2069.751953125 2077.81689453125 2093.597900390625 2110.156982421875 2122.909912109375 2152.693115234375 2170.968994140625 2190.31689453125 2205.343994140625 2216.652099609375
1965.68896484375 1961.29296875 1959.6009521484375 1961.2869873046875 1963.6810302734375 1966.31005859375 1969.23095703125 1971.8919677734375 1974.508056640625 1977.1180419921875 1980.1529541015625 1983.8079833984375 1987.2349853515625 1990.4849853515625 1994.2039794921875 1997.72705078125 2001.5279541015625 2005.2459716796875 2009.3699951171875 2013.2349853515625 2016.7259521484375 2020.18505859375 2023.0040283203125 2025.5250244140625 2027.6920166015625 2029.4659423828125 2030.5360107421875 2032.633056640625 2038.531005859375 2044.156982421875 2049.625 2055.364990234375 2060.5400390625 2066.222900390625 2072.666015625 2079.824951171875 2093.387939453125 2107.2119140625 2145.919921875 2165.241943359375 2172.197998046875 2193.261962890625 2204.235107421875 2223.531982421875
1971.010986328125 1966.740966796875 1964.9420166015625 1967.43798828125 1969.4530029296875 1972.0059814453125 1974.8370361328125 1977.35302734375 1979.949951171875 1982.5159912109375 1985.696044921875 1988.7559814453125 1992.5250244140625 1995.9210205078125 1999.208984375 2002.81396484375 2006.4439697265625 2010.125 2013.906005859375 2018.35400390625 2022.1419677734375 2025.791015625 2029.0159912109375 2031.58203125 2034.1669921875 2035.9969482421875 2036.7449951171875 2036.991943359375 2041.635009765625 2047.4320068359375 2053.363037109375 2058.867919921875 2064.385986328125 2069.94189453125 2075.694091796875 2083.37890625 2090.9619140625 2144.5 2161.162109375 2180.66796875 2186.35107421875 2197.0830078125 2206.3701171875 2219.958984375
1976.7569580078125 1972.5250244140625 1970.7010498046875 1973.342041015625 1975.68603515625 1977.9610595703125 1981.0780029296875 1983.135986328125 1985.594970703125 1988.2490234375 1991.1510009765625 1994.166015625 1997.4599609375 2001.001953125 2004.4539794921875 2008.001953125 2011.593994140625 2015.1669921875 2019.4310302734375 2023.2320556640625 2027.1529541015625 2031.0179443359375 2034.8060302734375 2037.7779541015625 2040.39404296875 2042.458984375 2043.3399658203125 2042.4530029296875 2045.14501953125 2050.924072265625 2056.865966796875 2062.904052734375 2068.617919921875 2074.135986328125 2078.493896484375 2099.222900390625 2132.97705078125 2149.156982421875 2172.368896484375 2186.281005859375 2196.905029296875 2207.01611328125 2217.075927734375 2226.306884765625
1981.9580078125 1977.52294921875 1976.656005859375 1978.9549560546875 1981.72998046875 1983.9029541015625 1986.6080322265625 1989.5789794921875 1991.550048828125 1994.178955078125 1996.998046875 1999.7919921875 2003.1240234375 2006.3680419921875 2010.010009765625 2013.43798828125 2016.8590087890625 2020.532958984375 2024.35302734375 2028.18603515625 2032.60205078125 2036.4219970703125 2040.5970458984375 2044.0240478515625 2046.56396484375 2048.757080078125 2050.02392578125 2048.985107421875 2050.010986328125 2053.489990234375 2059.615966796875 2066.154052734375 2073.013916015625 2078.969970703125 2085.552001953125 2101.972900390625 2131.68505859375 2145.90087890625 2181.782958984375 2189.9169921875 2214.466064453125 2218.1220703125 2228.20703125 2236.652099609375
1986.8740234375 1982.8580322265625 1981.9329833984375 1984.43505859375 1987.56494140625 1990.43505859375 1992.6710205078125 1996.0670166015625 1997.7640380859375 2000.240966796875 2003.1490478515625 2006.0889892578125 2008.927001953125 2012.0439453125 2015.7060546875 2019.0889892578125 2022.68701171875 2026.197021484375 2029.7950439453125 2033.7989501953125 2038.0250244140625 2041.97802734375 2046.0770263671875 2049.97998046875 2052.780029296875 2055.092041015625 2056.625 2055.262939453125 2056.20703125 2059.35009765625 2062.2509765625 2067.5029296875 2085.31103515625 2084.6650390625 2088.498046875 2121.763916015625 2154.719970703125 2164.72900390625 2185.552978515625 2210.22802734375 2222.81591796875 2235.56201171875 2245.591064453125 2254.0859375
