data/cut_dem.asc
ncols        444
nrows        341
xllcorner    76055.000000000000
yllcorner    239125.000000000000
cellsize     10.000000000000
NODATA_value  -9999
[rows 80 to 99 of 341, columns 176 to 219 of 444]
2173.569091796875 2172.173095703125 2168.052001953125 2167.343994140625 2160.801025390625 2160.10205078125 2156.47802734375 2150.490966796875 2148.429931640625 2147.905029296875 2148.990966796875 2150.443115234375 2153.1669921875 2157.05908203125 2161.8740234375 2168.14697265625 2175.364013671875 2181.72802734375 2189.097900390625 2196.08203125 2195.741943359375 2197.426025390625 2199.406005859375 2202.447021484375 2206.60302734375 2209.839111328125 2207.15087890625 2206.175048828125 2202.429931640625 2203.202880859375 2199.3798828125 2188.822998046875 2187.2080078125 2189.528076171875 2191.573974609375 2193.319091796875 2198.787109375 2195.39990234375 2190.806884765625 2192.137939453125 2197.090087890625 2204.98193359375 2199.527099609375 2188.68603515625
2165.69091796875 2161.491943359375 2158.6279296875 2159.381103515625 2152.381103515625 2151.216064453125 2147.056884765625 2142.56103515625 2140.777099609375 2140.666015625 2142.653076171875 2144.613037109375 2147.3310546875 2152.18505859375 2157.6201171875 2164.222900390625 2170.89111328125 2178.011962890625 2186.625 2191.572998046875 2188.740966796875 2189.635986328125 2191.1298828125 2194.9169921875 2200.85791015625 2203.60791015625 2198.548095703125 2196.511962890625 2193.135986328125 2196.052001953125 2194.552001953125 2186.44189453125 2179.60107421875 2180.7490234375 2183.492919921875 2187.906982421875 2190.467041015625 2183.37890625 2180.5859375 2188.797119140625 2194.069091796875 2198.73388671875 2192.626953125 2180.6640625
2158.3701171875 2154.702880859375 2150.009033203125 2148.35791015625 2143.197021484375 2140.320068359375 2136.800048828125 2133.93896484375 2133.56396484375 2134.157958984375 2136.156982421875 2138.27099609375 2140.887939453125 2145.73193359375 2153.193115234375 2159.876953125 2167.804931640625 2176.01611328125 2183.10498046875 2186.10302734375 2182.47509765625 2181.322998046875 2184.138916015625 2187.52490234375 2193.8701171875 2197.823974609375 2193.73291015625 2187.2900390625 2185.780029296875 2188.791015625 2188.027099609375 2181.861083984375 2173.52001953125 2173.364013671875 2177.177001953125 2181.49609375 2187.618896484375 2181.032958984375 2174.074951171875 2178.64794921875 2185.534912109375 2191.547119140625 2184.02490234375 2174.6220703125
2147.52294921875 2147.60791015625 2141.490966796875 2138.2548828125 2135.014892578125 2131.2900390625 2127.98193359375 2127.509033203125 2127.238037109375 2128.337890625 2130.14208984375 2133.02197265625 2135.652099609375 2141.784912109375 2148.39404296875 2156.22998046875 2164.052978515625 2171.555908203125 2179.85498046875 2179.52587890625 2174.6259765625 2173.343994140625 2176.945068359375 2183.0400390625 2190.197021484375 2191.612060546875 2185.971923828125 2181.0400390625 2178.64794921875 2181.01708984375 2180.756103515625 2175.218994140625 2170.287109375 2164.00390625 2166.905029296875 2170.4541015625 2177.634033203125 2173.242919921875 2167.902099609375 2173.5791015625 2179.839111328125 2186.14501953125 2178.404052734375 2168.52587890625
2136.76708984375 2139.72900390625 2135.9619140625 2129.785888671875 2127.14697265625 2123.986083984375 2120.922119140625 2121.1279296875 2121.027099609375 2122.43310546875 2124.22998046875 2127 2131.904052734375 2138.56201171875 2147.298095703125 2155.343017578125 2162.656982421875 2170.31298828125 2177.013916015625 2173.68603515625 2168.0458984375 2166.196044921875 2170.27392578125 2176.81201171875 2186.177978515625 2183.382080078125 2177.06298828125 2173.212890625 2171.113037109375 2174.4169921875 2172.8740234375 2167.612060546875 2161.2080078125 2155.343017578125 2155.4609375 2161.02587890625 2169.1259765625 2163.47509765625 2162.14111328125 2173.35009765625 2179.177001953125 2178.14208984375 2170.638916015625 2160.197021484375
2131.087890625 2131.6259765625 2127.639892578125 2123.094970703125 2119.611083984375 2117.468017578125 2114.93896484375 2114.7958984375 2114.98193359375 2116.5380859375 2118.491943359375 2122.6259765625 2127.948974609375 2135.528076171875 2142.946044921875 2150.367919921875 2158.801025390625 2166.986083984375 2172.176025390625 2167.426025390625 2161.091064453125 2159.215087890625 2163.916015625 2170.43408203125 2176.0390625 2176.052001953125 2168.18896484375 2164.760986328125 2161.18603515625 2165.028076171875 2163.419921875 2156.8330078125 2151.85498046875 2149.405029296875 2146.01904296875 2158.346923828125 2161.044921875 2157.410888671875 2156.97412109375 2165.48193359375 2172.72412109375 2169.5830078125 2162.60400390625 2151.179931640625
2128.02392578125 2121.259033203125 2118.367919921875 2115.592041015625 2113.35400390625 2111.155029296875 2108.924072265625 2108.35009765625 2108.843017578125 2110.919921875 2113.010986328125 2117.699951171875 2123.782958984375 2132.507080078125 2140.375 2147.99609375 2155.291015625 2163.22802734375 2165.950927734375 2160.197021484375 2152.7099609375 2152.5830078125 2158.383056640625 2164.284912109375 2168.77099609375 2166.097900390625 2162.047119140625 2157.22509765625 2154.2890625 2155.81591796875 2156.62109375 2150.319091796875 2144.012939453125 2143.118896484375 2138.740966796875 2146.330078125 2155.1630859375 2147.251953125 2144.3359375 2156.716064453125 2164.02392578125 2165.779052734375 2155.93310546875 2144.762939453125
2130.35693359375 2120.034912109375 2112.424072265625 2109.093017578125 2106.927001953125 2105.052001953125 2102.5849609375 2102.056884765625 2102.967041015625 2105.19189453125 2108.179931640625 2114.277099609375 2121.6201171875 2128.97705078125 2136.572021484375 2144.072021484375 2151.27490234375 2156.60498046875 2155.825927734375 2152.3349609375 2145.041015625 2147.155029296875 2153.02294921875 2157.93701171875 2162.907958984375 2159.97509765625 2155.14990234375 2148.861083984375 2144.136962890625 2146.4208984375 2146.18505859375 2143.555908203125 2139.009033203125 2134.839111328125 2131.52490234375 2133.501953125 2134.279052734375 2136.98291015625 2140.7900390625 2149.535888671875 2153.320068359375 2155.7900390625 2154.5859375 2144.610107421875
2125.06591796875 2116.501953125 2107.993896484375 2103.23388671875 2100.89794921875 2100.093017578125 2096.3740234375 2095.634033203125 2096.677001953125 2099.43798828125 2104.7548828125 2111.98095703125 2120.553955078125 2129.02001953125 2137.14892578125 2143.87890625 2150.0869140625 2151.5810546875 2146.965087890625 2146.593017578125 2138.320068359375 2140.929931640625 2146.876953125 2153.2939453125 2155.705078125 2153.382080078125 2147.611083984375 2141.488037109375 2135.197998046875 2138.320068359375 2137.632080078125 2135.756103515625 2128.389892578125 2126.06689453125 2125.55810546875 2125.552001953125 2122.115966796875 2131.69091796875 2136.924072265625 2141.60888671875 2144.31298828125 2141.74609375 2149.654052734375 2145.089111328125
2122.14892578125 2112.64599609375 2104.56494140625 2097.805908203125 2095.0849609375 2093.72802734375 2090.458984375 2089.614013671875 2090.60302734375 2095.10791015625 2102.7490234375 2110.698974609375 2118.681884765625 2126.98095703125 2131.221923828125 2138.3330078125 2141.680908203125 2141.152099609375 2137.27587890625 2138.6689453125 2131.9951171875 2133.593017578125 2139.322021484375 2145.7119140625 2148.201904296875 2143.493896484375 2140.56396484375 2135.14892578125 2126.964111328125 2126.093994140625 2129.248046875 2131.824951171875 2122.05810546875 2116.64892578125 2119.864990234375 2121.3798828125 2114.0419921875 2124.302001953125 2134.09912109375 2139.468994140625 2132.791015625 2130.10888671875 2134.18994140625 2105.675048828125
2112.7470703125 2107.27294921875 2102.212890625 2096.23291015625 2088.35888671875 2087.62109375 2084.623046875 2083.294921875 2085.3701171875 2091.555908203125 2099.18310546875 2107.916015625 2111.572998046875 2118.0419921875 2124.10009765625 2130.0048828125 2134.748046875 2132.81005859375 2128.3798828125 2128.488037109375 2124.841064453125 2124.8310546875 2129.4541015625 2133.508056640625 2136.340087890625 2134.947021484375 2131.903076171875 2129.114013671875 2122.384033203125 2118.7080078125 2124.742919921875 2123.5029296875 2115.008056640625 2105.9619140625 2112.464111328125 2114.47900390625 2106.2490234375 2115.468017578125 2116.382080078125 2116.2119140625 2110.89404296875 2101.919921875 2094.77587890625 2089.76806640625
2103.76611328125 2102.0439453125 2097.97607421875 2094.341064453125 2088.277099609375 2080.6240234375 2079.56689453125 2077.43701171875 2080.58203125 2090.43994140625 2099.35888671875 2102.930908203125 2108.1669921875 2117.01806640625 2120.339111328125 2124.23388671875 2126.860107421875 2124.965087890625 2121.492919921875 2120.322998046875 2118.56396484375 2117.360107421875 2121.264892578125 2125.52197265625 2129.14990234375 2128.194091796875 2122.987060546875 2117.26611328125 2110.697998046875 2112.281005859375 2117.625 2117.7548828125 2106.597900390625 2095.4970703125 2099.738037109375 2111.343994140625 2093.030029296875 2095.4541015625 2095.154052734375 2095.64697265625 2097.89697265625 2093.9599609375 2085.470947265625 2078.23291015625
2097.593994140625 2096.028076171875 2089.822998046875 2087.428955078125 2081.01904296875 2072.992919921875 2074.047119140625 2071.248046875 2074.488037109375 2083.69091796875 2091.763916015625 2097.9140625 2096.2958984375 2104.944091796875 2108.842041015625 2117.346923828125 2116.697998046875 2111.925048828125 2111.967041015625 2111.885986328125 2112.007080078125 2110.35595703125 2114.3779296875 2119.735107421875 2124.302001953125 2124.945068359375 2118.1298828125 2111.5830078125 2102.10595703125 2102.447998046875 2105.64892578125 2106.777099609375 2094.722900390625 2085.123046875 2081.931884765625 2090.7919921875 2086.697998046875 2078.468017578125 2081.68701171875 2085.157958984375 2088.006103515625 2090.6259765625 2078.98291015625 2070.4580078125
2082.842041015625 2077.33203125 2072.48388671875 2072.262939453125 2069.302978515625 2066.798095703125 2067.634033203125 2065.2490234375 2069.35595703125 2076.4189453125 2078.3759765625 2082.6240234375 2085.47802734375 2094.096923828125 2096.096923828125 2103.300048828125 2104.00390625 2103.134033203125 2101.837890625 2101.760009765625 2102.764892578125 2104.510009765625 2109.908935546875 2112.2451171875 2116.156982421875 2118.8740234375 2117.512939453125 2107.135986328125 2091.6298828125 2094.64794921875 2098.364013671875 2097.653076171875 2090.884033203125 2078.5458984375 2072.64404296875 2075.666015625 2079.717041015625 2074.68310546875 2073.7470703125 2075.287109375 2083.7880859375 2085.132080078125 2073.22509765625 2065.85205078125
2070.68310546875 2067.425048828125 2064.742919921875 2062.802001953125 2060.988037109375 2060.367919921875 2060.52099609375 2059.152099609375 2065.81689453125 2069.943115234375 2070.6708984375 2071.60693359375 2075.139892578125 2082.218994140625 2089.323974609375 2093.4150390625 2093.924072265625 2090.083984375 2088.819091796875 2091.99609375 2096.344970703125 2099.385009765625 2103.319091796875 2104.468017578125 2104.18701171875 2111.916015625 2106.0400390625 2100.532958984375 2085.44189453125 2086.287109375 2085.6279296875 2084.47900390625 2076.679931640625 2070.19091796875 2065.780029296875 2068.35107421875 2074.35400390625 2072.26904296875 2062.044921875 2066.4990234375 2071.35888671875 2078.09912109375 2067.60107421875 2059.8359375
2063.95703125 2060.635986328125 2057.19091796875 2055.885986328125 2054.7119140625 2054.010009765625 2054.425048828125 2054.388916015625 2061.1279296875 2064.739990234375 2064.531005859375 2065.718994140625 2069.3330078125 2073.861083984375 2080.636962890625 2086.2119140625 2084.9560546875 2082.583984375 2081.7099609375 2087.008056640625 2095.258056640625 2090.215087890625 2092.5439453125 2091.820068359375 2094.677978515625 2100.010986328125 2096.409912109375 2093.68603515625 2080.117919921875 2072.679931640625 2071.573974609375 2074.5458984375 2069.35595703125 2062.576904296875 2058.156982421875 2061.9609375 2070.3740234375 2067.3330078125 2056.623046875 2057.488037109375 2063.7060546875 2071.616943359375 2063.549072265625 2053.823974609375
2058.238037109375 2054.010009765625 2050.6240234375 2049.635009765625 2048.4580078125 2048.09912109375 2047.97802734375 2049.25390625 2057.361083984375 2059.02099609375 2058.534912109375 2059.455078125 2061.261962890625 2066.547119140625 2072.488037109375 2078.239013671875 2076.284912109375 2075.68798828125 2075.345947265625 2082.35595703125 2086.635986328125 2082.365966796875 2080.2490234375 2077.931884765625 2085.989990234375 2088.35205078125 2080.825927734375 2074.94091796875 2068.87890625 2061.199951171875 2060.677978515625 2064.9951171875 2061.3369140625 2056.052001953125 2051.091064453125 2057.967041015625 2066.931884765625 2062.94189453125 2053.10693359375 2048.992919921875 2060.4208984375 2066.009033203125 2051.02197265625 2042.93701171875
2052.5029296875 2048.552001953125 2045.6419677734375 2045.0419921875 2042.8819580078125 2042.875 2043.23095703125 2044.030029296875 2051.4169921875 2051.680908203125 2051.389892578125 2051.97802734375 2054.31103515625 2058.35595703125 2066.931884765625 2067.27099609375 2064.06103515625 2065.0400390625 2068.680908203125 2070.570068359375 2075.14990234375 2070.155029296875 2068.888916015625 2067.3330078125 2069.31689453125 2067.875 2063.85888671875 2063.5 2062.818115234375 2054.596923828125 2050.72900390625 2057.260009765625 2054.363037109375 2049.6220703125 2043.4229736328125 2054.73095703125 2062.7041015625 2054.55810546875 2045.197998046875 2041.8050537109375 2049.31298828125 2053.778076171875 2043.2769775390625 2035.3070068359375
2046.196044921875 2041.3809814453125 2039.3909912109375 2040.3280029296875 2037.126953125 2036.7550048828125 2036.3609619140625 2037.4439697265625 2042.636962890625 2041.9100341796875 2042.532958984375 2046.3919677734375 2045.6939697265625 2048.383056640625 2054.93310546875 2056.56103515625 2054.388916015625 2050.373046875 2059.02099609375 2057.1259765625 2055.0869140625 2058.126953125 2055.989990234375 2058.136962890625 2060.012939453125 2059.157958984375 2055.115966796875 2054.7080078125 2057.0439453125 2048.989990234375 2042.406005859375 2049.452880859375 2050.14404296875 2041.06494140625 2035.958984375 2047.5050048828125 2053.72998046875 2044.8260498046875 2034.7230224609375 2028.4560546875 2040.302001953125 2036.123046875 2032.27294921875 2026.449951171875
2037.2220458984375 2033.9169921875 2030.990966796875 2033.3690185546875 2030.8079833984375 2030.8409423828125 2032.2919921875 2029.7740478515625 2029.7679443359375 2031.0369873046875 2033.363037109375 2039.427001953125 2038.2919921875 2038.7879638671875 2043.916015625 2044.708984375 2042.7220458984375 2040.0340576171875 2044.030029296875 2044.6500244140625 2046.47998046875 2046.1510009765625 2047.384033203125 2048.947021484375 2052.094970703125 2050.2548828125 2046.5 2045.7039794921875 2050.0009765625 2047.1590576171875 2034.947998046875 2042.343994140625 2045.81494140625 2036.47802734375 2029.06298828125 2038.197021484375 2039.6390380859375 2035.948974609375 2023.7449951171875 2022.248046875 2028.9560546875 2023.22998046875 2019.68701171875 2014.626953125
