data/cut_dem.asc
ncols        444
nrows        341
xllcorner    76055.000000000000
yllcorner    239125.000000000000
cellsize     10.000000000000
NODATA_value  -9999
[rows 280 to 299 of 341, columns 264 to 307 of 444]
1196.4969482421875 1193.7010498046875 1191.5260009765625 1188.7039794921875 1179.947021484375 1177.4150390625 1169.9129638671875 1162.865966796875 1156.3189697265625 1149.2509765625 1142.5469970703125 1135.9720458984375 1130.699951171875 1125.666015625 1123.654052734375 1122.8289794921875 1122.1619873046875 1121.64697265625 1120.6739501953125 1119.5469970703125 1120.384033203125 1122.1610107421875 1128.5810546875 1130.2130126953125 1128.1259765625 1129.2220458984375 1128.7769775390625 1124.5699462890625 1122.9189453125 1122.8509521484375 1122.9599609375 1123.988037109375 1124.6099853515625 1123.593994140625 1123.3370361328125 1119.9510498046875 1115.3079833984375 1115.5980224609375 1115.14599609375 1109.8399658203125 1104.6009521484375 1100.0980224609375 1093.7640380859375 1086.2979736328125
1193.323974609375 1190.9189453125 1188.6419677734375 1184.2139892578125 1180.8489990234375 1178.698974609375 1171.0560302734375 1164.529052734375 1158.0570068359375 1150.27197265625 1143.251953125 1135.613037109375 1129.0040283203125 1124.7110595703125 1119.8699951171875 1117.5150146484375 1116.39599609375 1116.156982421875 1115.0419921875 1114.302001953125 1114.843017578125 1119.1829833984375 1122.6090087890625 1124.8780517578125 1122.7320556640625 1123.114013671875 1122.9310302734375 1121.758056640625 1118.0860595703125 1117.68701171875 1118.115966796875 1119.5419921875 1120.6939697265625 1119.9439697265625 1118.751953125 1117.0279541015625 1112.6929931640625 1111.0240478515625 1111.2430419921875 1107.7889404296875 1102.0369873046875 1096.2259521484375 1089.8509521484375 1084.071044921875
1190.8929443359375 1188.0350341796875 1185.4129638671875 1183.31201171875 1181.800048828125 1178.2540283203125 1171.886962890625 1165.387939453125 1158.655029296875 1151.2099609375 1143.81396484375 1135.989013671875 1129.10595703125 1123.2139892578125 1117.9169921875 1114.510009765625 1111.9949951171875 1110.6009521484375 1110.06494140625 1109.675048828125 1110.135009765625 1114.719970703125 1119.9019775390625 1119.8330078125 1119.010986328125 1118.8409423828125 1120.1280517578125 1117.593994140625 1113.47998046875 1112.7509765625 1112.800048828125 1115.137939453125 1116.239013671875 1115.636962890625 1114.56103515625 1112.9420166015625 1109.0050048828125 1106.197021484375 1106.220947265625 1104.56201171875 1100.06103515625 1093.6409912109375 1086.2740478515625 1080.4239501953125
1188.9649658203125 1187.323974609375 1185.10302734375 1183.2320556640625 1179.2330322265625 1175.52197265625 1172.1109619140625 1166.3819580078125 1159.3299560546875 1151.635986328125 1145.1309814453125 1137.0379638671875 1129.6309814453125 1123.2550048828125 1117.2550048828125 1112.31396484375 1108.4580078125 1106.3499755859375 1105.4739990234375 1105.0889892578125 1105.7010498046875 1110.35400390625 1114.4659423828125 1114.5579833984375 1113.5059814453125 1113.1280517578125 1114.280029296875 1113.1839599609375 1109.6529541015625 1107.4010009765625 1109.2979736328125 1111.9820556640625 1112.81005859375 1112.04296875 1110.10498046875 1108.56494140625 1106.06201171875 1101.8929443359375 1101.3070068359375 1100.5169677734375 1096.6669921875 1089.488037109375 1081.35400390625 1076.300048828125
1184.4749755859375 1182.6070556640625 1180.60498046875 1178.1669921875 1174.9549560546875 1172.1910400390625 1167.613037109375 1166.281005859375 1160.06201171875 1153.365966796875 1145.6429443359375 1137.7449951171875 1130.3990478515625 1123.9439697265625 1117.0570068359375 1110.8509521484375 1106.22705078125 1103.261962890625 1101.0240478515625 1100.8179931640625 1101.5439453125 1106.2679443359375 1108.6590576171875 1108.3780517578125 1107.14501953125 1106.5579833984375 1109.5469970703125 1108.5970458984375 1105.2540283203125 1102.760986328125 1104.9949951171875 1107.5689697265625 1108.6639404296875 1107.60302734375 1106.072021484375 1104.5360107421875 1102.759033203125 1099.345947265625 1097.072998046875 1096.4580078125 1094.3909912109375 1088.2550048828125 1079.718017578125 1071.9639892578125
1179.635009765625 1177.990966796875 1177.0450439453125 1175.3060302734375 1172.10400390625 1168.833984375 1166.612060546875 1161.9560546875 1160.5 1154.6719970703125 1147.541015625 1139.72802734375 1131.4580078125 1125.4539794921875 1117.012939453125 1110.2530517578125 1104.8800048828125 1100.97900390625 1098.0179443359375 1097.0150146484375 1097.6700439453125 1101.97998046875 1102.7559814453125 1101.81494140625 1099.8819580078125 1100.5989990234375 1104.3349609375 1103.9189453125 1101.251953125 1097.3919677734375 1100.0570068359375 1102.762939453125 1103.760009765625 1103.0830078125 1101.8590087890625 1100.3060302734375 1099.1529541015625 1096.7989501953125 1093.3990478515625 1092.4730224609375 1091.1009521484375 1088.343994140625 1080.4759521484375 1071.678955078125
1175.68798828125 1173.7750244140625 1172.7320556640625 1171.4580078125 1169.3690185546875 1166.6839599609375 1163.3199462890625 1160.5050048828125 1156.7099609375 1154.0550537109375 1148.0999755859375 1140.5670166015625 1133.011962890625 1127.4560546875 1119.2989501953125 1111.43896484375 1105.051025390625 1100.031982421875 1095.6739501953125 1093.8370361328125 1093.280029296875 1095.8890380859375 1096.4969482421875 1094.8330078125 1093.35302734375 1094.7679443359375 1098.60595703125 1099.0340576171875 1096.177001953125 1093.3580322265625 1095.154052734375 1097.987060546875 1098.85498046875 1099.22998046875 1098.3060302734375 1097.2879638671875 1095.678955078125 1094.06103515625 1091.9720458984375 1089.0799560546875 1087.7850341796875 1086.60595703125 1080.6800537109375 1073.89599609375
1172.8299560546875 1170.5999755859375 1169.760986328125 1167.7530517578125 1166.156982421875 1164.3310546875 1160.64794921875 1158.0040283203125 1154.8389892578125 1151.741943359375 1148.998046875 1142.5989990234375 1135.9649658203125 1128.6199951171875 1123.740966796875 1116.5159912109375 1107.6080322265625 1100.98095703125 1095.22998046875 1091.197998046875 1088.9420166015625 1089.488037109375 1089.54296875 1087.9949951171875 1087.2900390625 1088.2159423828125 1093.260009765625 1093.5560302734375 1090.988037109375 1089.2149658203125 1090.594970703125 1094.2080078125 1094.2110595703125 1095.093994140625 1094.989990234375 1093.968994140625 1092.657958984375 1091.0240478515625 1089.9580078125 1086.8759765625 1084.3900146484375 1083.8509521484375 1081.8050537109375 1075.4759521484375
1168.3919677734375 1167.52294921875 1166.1390380859375 1164.5970458984375 1162.9329833984375 1160.6090087890625 1157.987060546875 1155.0150146484375 1152.3809814453125 1149.2340087890625 1147.5660400390625 1144.998046875 1139.39599609375 1132.322998046875 1126.969970703125 1118.5250244140625 1111.1309814453125 1104.531005859375 1098.0550537109375 1091.2760009765625 1086.9539794921875 1084.77001953125 1082.4019775390625 1082.5909423828125 1081.927978515625 1082.345947265625 1086.4010009765625 1088.8909912109375 1085.8800048828125 1084.5400390625 1086.8909912109375 1090.178955078125 1089.4520263671875 1089.782958984375 1091.5799560546875 1091.177001953125 1089.675048828125 1088.583984375 1087.5479736328125 1085.7149658203125 1081.3499755859375 1079.8470458984375 1078.4820556640625 1072.10400390625
1164.114990234375 1162.97900390625 1161.989990234375 1160.56201171875 1158.64501953125 1157.18896484375 1155.135986328125 1152.8990478515625 1150.02001953125 1146.738037109375 1144.39599609375 1141.8480224609375 1140.428955078125 1134.8370361328125 1129.574951171875 1123.116943359375 1114.9549560546875 1107.6529541015625 1098.998046875 1091.76904296875 1085.5360107421875 1082.1529541015625 1081.407958984375 1078.6409912109375 1078.363037109375 1079.114990234375 1082.1309814453125 1083.2049560546875 1080.677978515625 1080.31494140625 1083.176025390625 1085.8480224609375 1084.9599609375 1085.262939453125 1087.1639404296875 1087.9649658203125 1087.199951171875 1086.342041015625 1085.0379638671875 1083.43701171875 1081.0279541015625 1076.0660400390625 1074.83203125 1070.3289794921875
1160.2049560546875 1158.77001953125 1158.8480224609375 1156.2259521484375 1154.279052734375 1153.718994140625 1152.1710205078125 1149.9510498046875 1147.4599609375 1144.989990234375 1141.79296875 1139.988037109375 1138.0989990234375 1134.699951171875 1130.0360107421875 1127.81396484375 1120.0830078125 1107.7960205078125 1099.616943359375 1092.2049560546875 1086.56201171875 1080.9610595703125 1077.3590087890625 1074.89501953125 1075.4139404296875 1075.125 1077.60400390625 1078.2039794921875 1075.7939453125 1076.239990234375 1079.135009765625 1080.657958984375 1080.0770263671875 1080.822021484375 1082.43798828125 1083.4830322265625 1084.1800537109375 1083.623046875 1082.2060546875 1081.2750244140625 1079.718994140625 1076.4210205078125 1070.677001953125 1065.8499755859375
1156.0980224609375 1154.3470458984375 1153.4649658203125 1152.217041015625 1150.4539794921875 1150.1009521484375 1148.887939453125 1146.822998046875 1144.8070068359375 1141.9580078125 1139.31103515625 1137.3909912109375 1135.3719482421875 1132.7769775390625 1129.72705078125 1128.551025390625 1121.47998046875 1109.2769775390625 1100.344970703125 1093.2320556640625 1087.1590576171875 1081.093994140625 1075.91796875 1072.5250244140625 1071.260009765625 1071.1080322265625 1070.8890380859375 1072.6429443359375 1071.18994140625 1072.406005859375 1074.4830322265625 1076.416015625 1075.3790283203125 1075.6929931640625 1076.52197265625 1077.529052734375 1080.1820068359375 1080.302001953125 1079.782958984375 1078.8580322265625 1077.48095703125 1075.3929443359375 1070.6309814453125 1063.1719970703125
1151.987060546875 1151.2099609375 1149.343994140625 1148.3060302734375 1146.8189697265625 1145.467041015625 1144.85498046875 1143.2080078125 1140.9820556640625 1139.3060302734375 1136.343994140625 1134.6190185546875 1133.217041015625 1130.8709716796875 1128.3079833984375 1126.3170166015625 1120.615966796875 1110.199951171875 1102.0770263671875 1094.43701171875 1086.780029296875 1079.9010009765625 1074.508056640625 1069.89404296875 1067.3199462890625 1066.7979736328125 1065.1090087890625 1066.2430419921875 1065.260009765625 1067.3409423828125 1069.93701171875 1072.135009765625 1071.0369873046875 1070.8310546875 1071.781982421875 1073.85302734375 1076.6219482421875 1077.366943359375 1077.3399658203125 1076.4090576171875 1074.7540283203125 1071.97900390625 1067.3060302734375 1061.2060546875
1146.5860595703125 1146.0780029296875 1145.06494140625 1144.14599609375 1143.073974609375 1140.8349609375 1140.2039794921875 1139.052978515625 1137.2030029296875 1135.050048828125 1133.1400146484375 1132.02197265625 1131.0140380859375 1128.031005859375 1125.9439697265625 1123.740966796875 1120.14794921875 1113.197021484375 1104.248046875 1095.2340087890625 1087.31396484375 1080.2259521484375 1074.406005859375 1069.3330078125 1065.300048828125 1062.7969970703125 1061.365966796875 1060.488037109375 1060.0860595703125 1062.343017578125 1065.4000244140625 1068.050048828125 1067.5419921875 1066.18603515625 1066.958984375 1068.906005859375 1071.740966796875 1073.68798828125 1074.4820556640625 1073.251953125 1072.0030517578125 1068.427001953125 1064.64794921875 1058.4659423828125
1141.31396484375 1140.8590087890625 1139.741943359375 1139.39599609375 1138.553955078125 1137.16796875 1135.4639892578125 1134.8499755859375 1133.2559814453125 1131.7440185546875 1129.470947265625 1128.8809814453125 1128.322021484375 1126.7860107421875 1123.81298828125 1121.073974609375 1119.3929443359375 1112.375 1104.5040283203125 1097.10400390625 1087.5780029296875 1079.989990234375 1074.14794921875 1069.595947265625 1065.2139892578125 1060.5379638671875 1057.489013671875 1055.10205078125 1056.053955078125 1056.6209716796875 1059.875 1063.239990234375 1064.4639892578125 1061.7860107421875 1061.655029296875 1063.093994140625 1066.35498046875 1069.552001953125 1070.991943359375 1070.02099609375 1067.4119873046875 1064.41796875 1060.498046875 1055.06005859375
1137 1135.64794921875 1134.333984375 1134.281005859375 1134.2330322265625 1133.7659912109375 1132.447998046875 1130.969970703125 1130.123046875 1128.85400390625 1127.5699462890625 1125.6829833984375 1125.6519775390625 1123.762939453125 1121.633056640625 1118.5369873046875 1115.6219482421875 1112.0179443359375 1104.8480224609375 1097.741943359375 1089.135009765625 1082.115966796875 1075.886962890625 1070.3680419921875 1066.06494140625 1062.3050537109375 1056.8699951171875 1052.4630126953125 1052.1710205078125 1051.322021484375 1053.800048828125 1057.4840087890625 1059.4000244140625 1058.5240478515625 1057.261962890625 1059.9630126953125 1062.217041015625 1066.136962890625 1068.3310546875 1066.3330078125 1062.470947265625 1059.6920166015625 1056.5340576171875 1051.9239501953125
1133.876953125 1131.4000244140625 1130.761962890625 1130.0260009765625 1129.5989990234375 1129.27001953125 1128.7159423828125 1127.927978515625 1127.02099609375 1125.4410400390625 1124.259033203125 1123.3900146484375 1121.9000244140625 1120.708984375 1119.2889404296875 1116.5169677734375 1112.136962890625 1109.0999755859375 1105.333984375 1098.85498046875 1092.2569580078125 1085.156005859375 1079.0159912109375 1074.552001953125 1071.7099609375 1069.7359619140625 1063.989990234375 1056.719970703125 1050.0379638671875 1047.1600341796875 1048.3050537109375 1051.52001953125 1054.2020263671875 1054.637939453125 1052.552978515625 1055.447021484375 1058.7149658203125 1062.678955078125 1064.68896484375 1061.1280517578125 1057.948974609375 1054.9029541015625 1051.93896484375 1047.791015625
1130.18896484375 1128.074951171875 1126.7879638671875 1126.4329833984375 1125.093017578125 1125.0689697265625 1125.760986328125 1125.4189453125 1124.3909912109375 1123.405029296875 1121.614990234375 1121.2430419921875 1119.1949462890625 1117.8310546875 1116.0799560546875 1114.759033203125 1110.8270263671875 1105.9959716796875 1103.6510009765625 1100.926025390625 1094.64697265625 1089.2540283203125 1083.719970703125 1080.7740478515625 1079.0889892578125 1074.5350341796875 1067.593017578125 1059.25 1051.6529541015625 1045.593017578125 1043.781005859375 1045.5770263671875 1047.998046875 1049.262939453125 1048.9129638671875 1051.946044921875 1055.01904296875 1057.9239501953125 1059.387939453125 1056.9200439453125 1054.073974609375 1050.583984375 1047.155029296875 1042.5550537109375
1126.8079833984375 1124.7230224609375 1123.885986328125 1123.0899658203125 1122.968017578125 1123.0159912109375 1123.0899658203125 1122.81494140625 1122.6409912109375 1121.0780029296875 1119.4530029296875 1119.3800048828125 1117.0810546875 1115.1610107421875 1113.010009765625 1111.7550048828125 1108.51904296875 1104.1319580078125 1099.22900390625 1098.7139892578125 1096.2259521484375 1091.6309814453125 1086.7919921875 1082.6490478515625 1079.5069580078125 1075.3480224609375 1069.780029296875 1062.5 1055.0760498046875 1047.48095703125 1042.2239990234375 1040.7340087890625 1042.8079833984375 1045.0069580078125 1045.489990234375 1048.093017578125 1050.93701171875 1053.06005859375 1053.9449462890625 1051.7550048828125 1048.9029541015625 1046.009033203125 1042.865966796875 1040.2469482421875
1122.657958984375 1121.2989501953125 1120.06201171875 1118.990966796875 1119.9000244140625 1120.947021484375 1121.802001953125 1121.719970703125 1121.2869873046875 1120.9720458984375 1118.3819580078125 1117.2869873046875 1115.77294921875 1113.3699951171875 1111.1259765625 1109.1820068359375 1104.990966796875 1102.135009765625 1096.8719482421875 1093.906982421875 1092.64697265625 1089.22900390625 1084.7550048828125 1080.3590087890625 1077.322998046875 1076.0849609375 1072.0780029296875 1065.3280029296875 1058.4830322265625 1050.8480224609375 1043.4139404296875 1039.1669921875 1037.8819580078125 1040.66796875 1042.3349609375 1043.9649658203125 1045.947021484375 1047.5760498046875 1048.5479736328125 1046.666015625 1044.125 1041.447021484375 1039.4300537109375 1036.9949951171875
